# Margin of the 45 classifiers
3.564658884467071687e+00
8.785107660246982419e-01
1.137882246699635447e+00
2.206578944840969392e+00
5.275237792388729474e-01
6.486088448628641867e-01
2.131769679605033385e+00
6.792172141365903082e-01
1.201080985044637117e+00
6.964513702446712973e-01
8.590109749355150370e-01
1.200902194346410434e+00
1.153847536151188846e+00
1.937807146980158990e+00
7.954311607439906728e-01
2.607371857760422129e-01
1.022948011669933432e+00
2.077065802743180145e-01
4.462363587692771416e-01
3.012090266185187826e-01
4.455783859717747930e-01
3.643921560277839089e-01
1.998435995776018104e-01
5.843201376618473164e-01
1.149450955941993202e+00
2.566965852258205061e-01
1.364895032901211058e+00
5.246908826667858738e-01
2.981456801016153513e-01
2.621718269286721914e-01
7.744491782104285793e-01
7.282475889517926460e-01
5.822741688430886908e-01
1.007806166080476462e+00
2.027427210605939889e-01
2.435028965844761584e-01
1.121524497261603859e+00
2.398522405515117750e-01
4.254170185022103645e-01
2.756754724548887037e+00
6.612490552870501359e-01
2.399829233794628092e+00
7.505781314638915180e-01
2.586858026849136460e-01
2.368654972204036757e-01
